NOTE: This code was originally written in Python 3 then converted to Python 2 syntax, so print/queue or other unexpected errors may occur.
All the search functions take an initial state and a desired end state as parameters, both of which should be length 3 lists of lists. You can use the wrapper functions (DFS_wrapper(n), BFS_wrapper(n), BestFS_wrapper(n)) to quickly test the search functions with n disks, with the initial state having all the disks on the leftmost tower and the end state having all the disks on the rightmost tower.

Starting depth-first search...

0   |   |
1   |   |
2   |   |
3   |   |

|   |   |
1   |   |
2   |   |
3   |   0

|   |   |
|   |   |
2   |   |
3   1   0

|   |   |
|   |   |
2   0   |
3   1   |

|   |   |
|   |   |
|   0   |
3   1   2

|   |   |
|   |   |
|   |   0
3   1   2

|   |   |
|   |   |
1   |   0
3   |   2

|   |   |
|   |   |
1   |   |
3   0   2

|   |   |
|   |   |
|   |   1
3   0   2

|   |   |
|   |   0
|   |   1
3   |   2

|   |   |
|   |   0
|   |   1
|   3   2

|   |   |
|   |   |
|   0   1
|   3   2

|   |   |
|   |   |
|   0   |
1   3   2

|   |   |
|   |   |
|   |   0
1   3   2

|   |   |
|   |   |
|   1   0
|   3   2

|   |   |
|   0   |
|   1   |
|   3   2

|   |   |
|   0   |
|   1   |
2   3   |

|   |   |
|   |   |
|   1   |
2   3   0

|   |   |
|   |   |
1   |   |
2   3   0

|   |   |
|   |   |
1   0   |
2   3   |

|   |   |
|   |   |
|   0   |
2   3   1

|   |   |
|   |   |
|   |   0
2   3   1

|   |   |
|   |   |
|   2   0
|   3   1

|   |   |
|   0   |
|   2   |
|   3   1

|   |   |
|   0   |
|   2   |
1   3   |

|   |   |
|   |   |
|   2   |
1   3   0

|   |   |
|   1   |
|   2   |
|   3   0

|   0   |
|   1   |
|   2   |
|   3   |

|   |   |
|   1   |
|   2   |
0   3   |

|   |   |
|   |   |
0   2   |
1   3   |

|   |   |
|   |   |
|   2   |
0   3   1

|   |   |
|   |   |
0   |   |
2   3   1

|   |   |
0   |   |
1   |   |
2   3   |

|   |   |
0   |   |
1   |   |
2   |   3

|   |   |
|   |   |
1   |   0
2   |   3

|   |   |
|   |   |
|   |   0
2   1   3

|   |   |
|   |   |
|   0   |
2   1   3

|   |   |
|   |   |
|   0   2
|   1   3

|   |   |
|   |   0
|   |   2
|   1   3

|   |   |
|   |   0
|   |   2
1   |   3

|   |   |
|   |   |
|   |   2
1   0   3

|   |   |
|   |   1
|   |   2
|   0   3

|   |   0
|   |   1
|   |   2
|   |   3

Solved!
Solution is shown below:

0   |   |
1   |   |
2   |   |
3   |   |

|   |   |
1   |   |
2   |   |
3   |   0

|   |   |
|   |   |
2   |   |
3   1   0

|   |   |
|   |   |
2   0   |
3   1   |

|   |   |
|   |   |
|   0   |
3   1   2

|   |   |
|   |   |
|   |   0
3   1   2

|   |   |
|   |   |
1   |   0
3   |   2

|   |   |
|   |   |
1   |   |
3   0   2

|   |   |
|   |   |
|   |   1
3   0   2

|   |   |
|   |   0
|   |   1
3   |   2

|   |   |
|   |   0
|   |   1
|   3   2

|   |   |
|   |   |
|   0   1
|   3   2

|   |   |
|   |   |
|   0   |
1   3   2

|   |   |
|   |   |
|   |   0
1   3   2

|   |   |
|   |   |
|   1   0
|   3   2

|   |   |
|   0   |
|   1   |
|   3   2

|   |   |
|   0   |
|   1   |
2   3   |

|   |   |
|   |   |
|   1   |
2   3   0

|   |   |
|   |   |
1   |   |
2   3   0

|   |   |
0   |   |
1   |   |
2   3   |

|   |   |
0   |   |
1   |   |
2   |   3

|   |   |
|   |   |
1   |   0
2   |   3

|   |   |
|   |   |
|   |   0
2   1   3

|   |   |
|   |   |
|   0   |
2   1   3

|   |   |
|   |   |
|   0   2
|   1   3

|   |   |
|   |   0
|   |   2
|   1   3

|   |   |
|   |   0
|   |   2
1   |   3

|   |   |
|   |   |
|   |   2
1   0   3

|   |   |
|   |   1
|   |   2
|   0   3

|   |   0
|   |   1
|   |   2
|   |   3

Total moves for DFS solution:  29
Total states searched:  43

Starting breadth-first search...

0   |   |
1   |   |
2   |   |
3   |   |

|   |   |
1   |   |
2   |   |
3   0   |

|   |   |
1   |   |
2   |   |
3   |   0

|   |   |
|   |   |
2   |   |
3   0   1

|   |   |
|   |   |
2   |   |
3   1   0

|   |   |
0   |   |
2   |   |
3   |   1

|   |   |
|   |   |
2   |   0
3   |   1

|   |   |
0   |   |
2   |   |
3   1   |

|   |   |
|   |   |
2   0   |
3   1   |

|   |   |
|   |   |
|   |   0
3   2   1

|   |   |
|   |   |
|   0   |
3   1   2

|   |   |
|   |   |
0   |   |
3   2   1

|   |   |
|   |   |
|   0   |
3   2   1

|   |   |
|   |   |
0   |   |
3   1   2

|   |   |
|   |   |
|   |   0
3   1   2

|   |   |
|   |   |
0   1   |
3   2   |

|   |   |
|   |   |
1   0   |
3   2   |

|   |   |
|   |   |
0   |   1
3   |   2

|   |   |
|   |   |
1   |   0
3   |   2

|   |   |
|   0   |
|   1   |
3   2   |

|   |   |
|   |   |
|   1   |
3   2   0

|   |   |
0   |   |
1   |   |
3   2   |

|   |   |
|   |   |
1   |   |
3   2   0

|   |   |
|   |   |
|   |   1
3   0   2

|   |   |
|   |   0
|   |   1
3   |   2

|   |   |
0   |   |
1   |   |
3   |   2

|   |   |
|   |   |
1   |   |
3   0   2

|   |   |
|   0   |
|   1   |
|   2   3

|   |   |
|   |   0
|   |   1
|   3   2

|   |   |
|   |   |
|   1   |
0   2   3

|   |   |
|   |   |
|   1   0
|   2   3

|   |   |
|   |   |
|   |   1
0   3   2

|   |   |
|   |   |
|   0   1
|   3   2

|   |   |
|   |   |
|   |   1
0   2   3

|   |   |
|   |   |
|   |   0
1   2   3

|   |   |
|   |   |
|   1   |
0   3   2

|   |   |
|   |   |
|   0   |
1   3   2

|   |   |
|   |   |
|   0   1
|   2   3

|   |   |
|   |   0
|   |   1
|   2   3

|   |   |
|   |   |
0   |   |
1   2   3

|   |   |
|   |   |
|   0   |
1   2   3

|   |   |
|   0   |
|   1   |
|   3   2

|   |   |
|   |   |
|   1   0
|   3   2

|   |   |
|   |   |
0   |   |
1   3   2

|   |   |
|   |   |
|   |   0
1   3   2

|   |   |
|   |   0
|   |   1
2   |   3

|   |   |
|   |   |
0   |   2
1   |   3

|   |   |
|   0   |
|   1   |
2   3   |

|   |   |
|   |   |
0   2   |
1   3   |

|   |   |
|   |   |
0   |   1
2   |   3

|   |   |
|   |   |
|   |   1
2   0   3

|   |   |
|   |   |
|   |   2
1   0   3

|   |   |
|   |   0
|   |   2
1   |   3

|   |   |
|   |   |
0   1   |
2   3   |

|   |   |
|   |   |
|   1   |
2   3   0

|   |   |
|   0   |
|   2   |
1   3   |

|   |   |
|   |   |
|   2   |
1   3   0

|   |   |
|   |   |
0   |   |
2   1   3

|   |   |
|   |   |
1   |   |
2   0   3

|   |   |
|   |   1
|   |   2
|   0   3

|   |   |
|   |   0
|   |   2
|   1   3

|   |   |
|   |   |
0   |   |
2   3   1

|   |   |
|   |   |
1   |   |
2   3   0

|   |   |
|   0   |
|   2   |
|   3   1

|   |   |
|   1   |
|   2   |
|   3   0

|   |   |
|   |   |
|   0   |
2   1   3

|   |   |
|   |   |
|   |   0
2   1   3

|   |   |
0   |   |
1   |   |
2   |   3

|   |   |
|   |   |
1   |   0
2   |   3

|   |   |
|   |   1
|   |   2
0   |   3

|   |   0
|   |   1
|   |   2
|   |   3

Solved!
Solution is shown below:

0   |   |
1   |   |
2   |   |
3   |   |

|   |   |
1   |   |
2   |   |
3   0   |

|   |   |
|   |   |
2   |   |
3   0   1

|   |   |
|   |   |
2   |   0
3   |   1

|   |   |
|   |   |
|   |   0
3   2   1

|   |   |
|   |   |
0   |   |
3   2   1

|   |   |
|   |   |
0   1   |
3   2   |

|   |   |
|   0   |
|   1   |
3   2   |

|   |   |
|   0   |
|   1   |
|   2   3

|   |   |
|   |   |
|   1   0
|   2   3

|   |   |
|   |   |
|   |   0
1   2   3

|   |   |
|   |   |
0   |   |
1   2   3

|   |   |
|   |   |
0   |   2
1   |   3

|   |   |
|   |   |
|   |   2
1   0   3

|   |   |
|   |   1
|   |   2
|   0   3

|   |   0
|   |   1
|   |   2
|   |   3

Total moves for BFS solution:  15
Total states searched:  71

Starting best-first search...

0   |   |
1   |   |
2   |   |
3   |   |

|   |   |
1   |   |
2   |   |
3   0   |

|   |   |
1   |   |
2   |   |
3   |   0

|   |   |
|   |   |
2   |   |
3   0   1

|   |   |
|   |   |
2   |   |
3   1   0

|   |   |
0   |   |
2   |   |
3   |   1

|   |   |
|   |   |
2   |   0
3   |   1

|   |   |
0   |   |
2   |   |
3   1   |

|   |   |
|   |   |
2   0   |
3   1   |

|   |   |
|   |   |
|   |   0
3   2   1

|   |   |
|   |   |
|   0   |
3   1   2

|   |   |
|   |   |
0   |   |
3   2   1

|   |   |
|   |   |
|   0   |
3   2   1

|   |   |
|   |   |
0   |   |
3   1   2

|   |   |
|   |   |
|   |   0
3   1   2

|   |   |
|   |   |
0   1   |
3   2   |

|   |   |
|   |   |
1   0   |
3   2   |

|   |   |
|   |   |
0   |   1
3   |   2

|   |   |
|   |   |
1   |   0
3   |   2

|   |   |
|   0   |
|   1   |
3   2   |

|   |   |
|   0   |
|   1   |
|   2   3

|   |   |
|   |   |
|   1   |
0   2   3

|   |   |
|   |   |
|   1   0
|   2   3

|   |   |
|   |   |
|   |   1
0   2   3

|   |   |
|   |   |
|   |   0
1   2   3

|   |   |
|   |   |
|   0   1
|   2   3

|   |   |
|   |   0
|   |   1
|   2   3

|   |   |
|   |   |
0   |   |
1   2   3

|   |   |
|   |   |
0   |   2
1   |   3

|   |   |
|   |   |
|   |   2
1   0   3

|   |   |
|   |   1
|   |   2
|   0   3

|   |   0
|   |   1
|   |   2
|   |   3

Solved!
Solution is shown below:

0   |   |
1   |   |
2   |   |
3   |   |

|   |   |
1   |   |
2   |   |
3   0   |

|   |   |
|   |   |
2   |   |
3   0   1

|   |   |
|   |   |
2   |   0
3   |   1

|   |   |
|   |   |
|   |   0
3   2   1

|   |   |
|   |   |
0   |   |
3   2   1

|   |   |
|   |   |
0   1   |
3   2   |

|   |   |
|   0   |
|   1   |
3   2   |

|   |   |
|   0   |
|   1   |
|   2   3

|   |   |
|   |   |
|   1   0
|   2   3

|   |   |
|   |   |
|   |   0
1   2   3

|   |   |
|   |   |
0   |   |
1   2   3

|   |   |
|   |   |
0   |   2
1   |   3

|   |   |
|   |   |
|   |   2
1   0   3

|   |   |
|   |   1
|   |   2
|   0   3

|   |   0
|   |   1
|   |   2
|   |   3

Total moves for BestFS solution:  15
Total states searched:  32